Test Accuracy: 0.9942

              precision    recall  f1-score   support

           0     0.9949    0.9959    0.9954       980
           1     0.9956    0.9965    0.9960      1135
           2     0.9981    0.9932    0.9956      1032
           3     0.9960    0.9960    0.9960      1010
           4     0.9909    0.9959    0.9934       982
           5     0.9889    0.9955    0.9922       892
           6     0.9948    0.9927    0.9937       958
           7     0.9875    0.9981    0.9927      1028
           8     1.0000    0.9918    0.9959       974
           9     0.9950    0.9861    0.9905      1009

    accuracy                         0.9942     10000
   macro avg     0.9942    0.9942    0.9942     10000
weighted avg     0.9942    0.9942    0.9942     10000
